1504281512708: 	1	1	0	582425267	582429521	0	
1504281512721: 	1	2	352682	595806597	595817050	363211	
1504281512744: 	1	3	377384	595831299	595836727	382884	
1504281512768: 	1	4	398812	595852723	595861340	407499	
1504281512787: 	1	5	422662	595876578	595883747	429906	
1504281512805: 	1	6	441297	595895214	595906481	452642	
1504281512821: 	1	7	464323	595918241	595925536	471696	
1504281512847: 	1	8	484881	595938797	595942425	488585	
1504281512874: 	1	9	505116	595959036	595969015	515173	
1504281512875: 	1	10	526273	595980190	595988513	534671	
1504281512895: 	1	11	541409	595995324	595998895	545055	
1504281512918: 	1	12	559686	596013602	596019473	565634	
1504281512945: 	1	13	584721	596038641	596043119	589278	
1504281512960: 	1	14	607551	596061467	596071226	617383	
1504281512982: 	1	15	624146	596078063	596087971	634127	
1504281513002: 	1	16	650595	596104513	596111118	657276	
1504281513016: 	1	17	669692	596123610	596132064	678220	
1504281513038: 	2	18	686211	597772697	597782115	693341	
1504281513056: 	2	19	710748	611103745	611109079	716148	
1504281513077: 	2	20	725642	611118642	611127550	734618	
1504281513097: 	2	21	748506	611141506	611149359	756429	
1504281513112: 	2	22	773297	611166298	611170417	777486	
1504281513133: 	2	23	789411	611182409	611185966	793035	
1504281513174: 	2	25	833612	611226611	611230833	814796	
1504281513187: 	2	26	848510	611241510	611251836	858905	
1504281513212: 	2	27	866629	611259629	611264046	871111	
1504281513232: 	2	28	893148	611286150	611292000	899066	
1504281513246: 	2	29	913073	611306079	611312519	919581	
1504281513273: 	2	30	928216	611321219	611327139	934205	
1504281513296: 	2	31	955558	611348563	611355377	962444	
1504281513307: 	2	32	978671	611371675	611378917	985982	
1504281513326: 	2	33	992707	611385711	611390905	997968	
1504281513349: 	2	34	1008177	611401181	611411198	1018265	
1504281513370: 	2	35	1031882	611424885	611435153	1042217	
1504281513394: 	3	36	1051585	627379028	627387464	1063855	
1504281513409: 	3	37	1076817	640753466	640765649	1089058	
1504281513427: 	3	38	1095199	640771847	640782145	1105553	
1504281513443: 	3	39	1112689	640789342	640800750	1124154	
1504281513474: 	3	40	1133901	640810549	640817169	1140578	
1504281513487: 	3	41	1160663	640837309	640850019	1173426	
1504281513505: 	3	42	1181041	640857690	640863095	1186499	
1504281513531: 	3	43	1197839	640874489	640882186	1205594	
1504281513545: 	3	44	1221677	640898330	640909852	1233257	
1504281513572: 	3	45	1239240	640915890	640923907	1247310	
1504281513587: 	3	46	1264145	640940799	640951929	1275332	
1504281513600: 	3	47	1281796	640958449	640967820	1291225	
1504281513618: 	3	48	1299711	640976363	640981770	1305171	
1504281513636: 	3	49	1316337	640992989	641001027	1324430	
1504281513652: 	3	50	1336168	641012820	641019626	1343028	
1504281513672: 	3	51	1356540	641033194	641036764	1360165	
1504281513703: 	3	52	1377521	641054176	641058218	1381619	
1504281513718: 	4	53	1400813	553554567	553563045	1413263	
1504281513732: 	4	54	1420458	566895749	566904225	1429004	
1504281513752: 	4	55	1439185	566914477	566918895	1443673	
1504281513779: 	4	56	1459601	566934892	566939500	1464275	
1504281513791: 	4	57	1481740	566957031	566968087	1492866	
1504281513816: 	4	58	1502225	566977517	566980913	1505695	
1504281513844: 	4	59	1524397	566999688	567006318	1531097	
1504281513853: 	4	60	1547793	567023081	567035742	1560521	
1504281513876: 	4	61	1566982	567042271	567046009	1570789	
1504281513895: 	4	62	1590659	567065947	567070080	1594860	
1504281513918: 	4	63	1608282	567083571	567090471	1615250	
1504281513936: 	4	64	1630143	567105432	567114494	1639275	
1504281513954: 	4	65	1652759	567128045	567133450	1658228	
1504281513967: 	4	66	1667014	567142299	567152117	1676901	
1504281513999: 	4	67	1685642	567160930	567165765	1690547	
1504281514016: 	4	68	1714327	567189613	567197889	1722673	
1504281514038: 	4	69	1732727	567208012	567216583	1741363	
1504281514058: 	4	70	1750481	567225767	567238275	1763059	
1504281514076: 	5	71	1774424	569152743	569163011	1784807	
1504281514095: 	5	72	1794693	582544662	582554400	1804507	
1504281514116: 	5	73	1815281	582565251	582573130	1823234	
1504281514133: 	5	74	1837719	582587685	582595948	1846053	
1504281514155: 	5	75	1857610	582607580	582614606	1864708	
1504281514172: 	5	76	1875608	582625576	582636657	1886766	
1504281514198: 	5	77	1895624	582645595	582655399	1905503	
1504281514204: 	5	78	1919774	582669743	582681273	1931376	
1504281514226: 	5	79	1933472	582683438	582688264	1938370	
1504281514253: 	5	80	1954481	582704447	582711114	1961221	
1504281514268: 	5	81	1979900	582729869	582738967	1989072	
1504281514288: 	5	82	1997745	582747714	582755719	2005826	
1504281514306: 	5	83	2018687	582768655	582776270	2026375	
1504281514321: 	5	84	2039452	582789419	582794791	2044898	
1504281514343: 	5	85	2054295	582804261	582811991	2062095	
1504281514366: 	5	86	2075212	582825180	582834862	2084969	
1504281521108: 	35	1	0	0	0	9178312	
1504281521332: 	2	1	0	611444588	611456793	9411495	
1504281521406: 	35	2	638372	0	0	9490792	
1504281521628: 	1	2	638372	604632231	604860601	9721118	
1504281521703: 	35	3	950865	0	0	9801664	
1504281521921: 	2	3	950865	619883931	620119553	10030713	
1504281521928: 	1	3	950865	604944712	605175002	10033843	
1504281521935: 	5	3	950865	590240647	590470853	10044755	
1504281521987: 	35	4	1261751	0	0	10100153	
1504281522206: 	4	4	1261751	575276756	575512922	10328664	
1504281522212: 	5	4	1261751	590551513	590794567	10336426	
1504281522286: 	35	5	1560252	0	0	10413945	
1504281522507: 	1	5	1560252	605554076	605785928	10645711	
1504281522514: 	2	5	1560252	620493305	620724945	10649996	
1504281522518: 	5	5	1560252	590850000	591086233	10652241	
1504281522576: 	35	6	1874058	0	0	10717458	
1504281522797: 	4	6	1874058	575889025	576120657	10948873	
1504281522866: 	35	7	2177585	0	0	11022041	
1504281523086: 	3	7	2177585	650090763	650322826	11251517	
1504281523164: 	35	8	2482179	0	0	11334330	
1504281523382: 	5	8	2482179	591771876	592006225	11562436	
1504281523458: 	35	9	2794481	0	0	11642523	
1504281523680: 	2	9	2794481	621727506	621960065	11872622	
1504281523684: 	1	9	2794481	606788257	607018560	11879110	
1504281523748: 	35	10	3102691	0	0	11945670	
1504281523968: 	4	10	3102691	577117578	577350266	12177086	
1504281524047: 	35	11	3405852	0	0	12260063	
1504281524273: 	4	11	3405852	577420722	577652099	12488428	
1504281524277: 	3	11	3405852	651622521	651851687	12498611	
1504281524331: 	35	12	3720259	0	0	12557657	
1504281524549: 	1	12	3720259	607713996	607944620	12786017	
1504281524554: 	2	12	3720259	622653256	622886152	12789951	
1504281524558: 	5	12	3720259	593009887	593248399	12793793	
1504281524626: 	35	13	4017866	0	0	12866530	
1504281524844: 	3	13	4017866	652234523	652466999	13095659	
1504281524849: 	2	13	4017866	622950858	623183121	13097896	
1504281524916: 	35	14	4326753	0	0	13171934	
1504281525137: 	5	14	4326753	593616347	593852753	13403219	
1504281525149: 	3	14	4326753	652543405	652772517	13415602	
1504281525210: 	35	15	4632170	0	0	13479755	
1504281525428: 	1	15	4632170	608625871	608859747	13708083	
1504281525503: 	35	16	4940005	0	0	13786276	
1504281525722: 	5	16	4940005	594229564	594462342	14016358	
